mse 0 0.03007349442648752 0.030089214 15.218161055886327 15.215891504792534 0.9969486616929235 0.9971856966669712
mse 1 0.047044055988909976 0.047865897 13.274952418284975 13.199737942745266 0.9967025937853592 0.9967965352893746
mse 2 0.0635462894857845 0.066249914 11.969098031413647 11.788146780913586 0.9954648938406412 0.994682550091886
mse 3 0.09642677541805302 0.10719416 10.158023561210847 9.698288628435655 0.9808728663949914 0.9788478081853353
mse 4 0.04437162302101954 0.045618054 13.528946854105282 13.40863249552319 0.995066733926513 0.9941174715688468
mse 5 0.03690282853410205 0.04029322 14.329403446899033 13.947680202921674 0.9978747913375725 0.9977676957957184
mse 6 0.035756971809966245 0.037718236 14.466392678936817 14.234486213300011 0.9957619322121553 0.996319403801206
mse 7 0.05329421061552585 0.052974235 12.733199661008328 12.759353040265003 0.9932888564518758 0.993832060275827
mse 8 0.019860509386373206 0.019804262 17.02009616824826 17.0324134504192 0.9987651082313249 0.9987908927018493
mse 9 0.042567421466702324 0.046341624 13.70922656534146 13.340287497851897 0.9948207060971093 0.9945103030192024
mse akhir :  0.04698441801529242 0.04941488206386566 13.640750044133497 13.462491775716803 0.9945567143970466 0.9942850417396217